0 0.5810546875 0.041015625 0.056640625 0.05078125
0 0.5234375 0.060546875 0.0458984375 0.06640625
0 0.6494140625 0.06640625 0.05078125 0.056640625
0 0.6552734375 0.119140625 0.0859375 0.08203125
0 0.7216796875 0.0810546875 0.0576171875 0.09375
0 0.7939453125 0.1005859375 0.0439453125 0.1103515625
0 0.740234375 0.15625 0.0927734375 0.1259765625
0 0.8896484375 0.142578125 0.0791015625 0.09765625
0 0.8369140625 0.2216796875 0.1181640625 0.146484375
0 0.6962890625 0.3642578125 0.0576171875 0.1337890625
0 0.76953125 0.28515625 0.05859375 0.1103515625
0 0.65234375 0.2177734375 0.0751953125 0.1435546875
0 0.5419921875 0.28515625 0.1025390625 0.138671875
0 0.564453125 0.15625 0.0634765625 0.130859375
0 0.4736328125 0.208984375 0.083984375 0.0908203125
0 0.4833984375 0.130859375 0.046875 0.0849609375
0 0.427734375 0.142578125 0.0537109375 0.078125
0 0.3583984375 0.1123046875 0.0654296875 0.08203125
0 0.419921875 0.0791015625 0.0595703125 0.08984375
0 0.25390625 0.169921875 0.078125 0.08203125
0 0.189453125 0.19921875 0.05078125 0.0810546875
0 0.203125 0.2822265625 0.103515625 0.0966796875
0 0.291015625 0.2236328125 0.060546875 0.08203125
0 0.3681640625 0.2470703125 0.0791015625 0.146484375
0 0.443359375 0.345703125 0.087890625 0.1259765625
0 0.521484375 0.43359375 0.076171875 0.138671875
0 0.447265625 0.5322265625 0.1591796875 0.232421875
0 0.2841796875 0.3427734375 0.0927734375 0.1689453125
0 0.03515625 0.291015625 0.0703125 0.06640625
0 0.064453125 0.365234375 0.0615234375 0.0693359375
0 0.1240234375 0.41015625 0.0693359375 0.1533203125
0 0.0341796875 0.53125 0.068359375 0.1015625
0 0.017578125 0.431640625 0.03515625 0.0869140625
0 0.189453125 0.546875 0.1123046875 0.046875
0 0.0673828125 0.6103515625 0.068359375 0.1337890625
0 0.080078125 0.7373046875 0.0849609375 0.1279296875
0 0.203125 0.6494140625 0.103515625 0.1904296875
0 0.2021484375 0.8759765625 0.1396484375 0.1884765625