0 0.2626953125 0.400390625 0.1005859375 0.1611328125
0 0.1875 0.435546875 0.1142578125 0.1787109375
0 0.7431640625 0.609375 0.12109375 0.2119140625
0 0.5458984375 0.5234375 0.1220703125 0.224609375
0 0.3994140625 0.470703125 0.115234375 0.1787109375
0 0.451171875 0.6455078125 0.0791015625 0.2119140625
0 0.2568359375 0.7666015625 0.1181640625 0.2236328125
0 0.4453125 0.8603515625 0.1083984375 0.1455078125
0 0.10546875 0.599609375 0.0615234375 0.177734375
0 0.623046875 0.6865234375 0.1103515625 0.2421875
0 0.79296875 0.802734375 0.1318359375 0.228515625
0 0.90234375 0.7177734375 0.109375 0.212890625
0 0.1025390625 0.814453125 0.16796875 0.302734375