0 0.1142578125 0.3330078125 0.04296875 0.0859375
0 0.0712890625 0.3701171875 0.0537109375 0.0791015625
0 0.1416015625 0.40234375 0.0498046875 0.1181640625
0 0.0908203125 0.439453125 0.05078125 0.1220703125
0 0.1181640625 0.5244140625 0.076171875 0.0849609375
0 0.181640625 0.4560546875 0.0791015625 0.123046875
0 0.130859375 0.599609375 0.0830078125 0.1015625
0 0.19921875 0.517578125 0.1083984375 0.1513671875
0 0.1533203125 0.7177734375 0.1123046875 0.158203125
0 0.2353515625 0.634765625 0.09765625 0.1396484375
0 0.26171875 0.853515625 0.1279296875 0.193359375
0 0.39453125 0.521484375 0.0830078125 0.181640625
0 0.4638671875 0.4638671875 0.1015625 0.14453125
0 0.3984375 0.3779296875 0.0888671875 0.1298828125
0 0.2763671875 0.36328125 0.0859375 0.115234375
0 0.3388671875 0.2861328125 0.08203125 0.1044921875
0 0.2861328125 0.265625 0.0625 0.0966796875
0 0.228515625 0.3212890625 0.0751953125 0.1328125
0 0.21875 0.2490234375 0.0625 0.1005859375
0 0.267578125 0.2197265625 0.060546875 0.1103515625
0 0.3359375 0.181640625 0.0478515625 0.115234375
0 0.376953125 0.1455078125 0.0478515625 0.08984375
0 0.3828125 0.2021484375 0.05078125 0.1142578125
0 0.4228515625 0.19140625 0.0341796875 0.0791015625
0 0.4169921875 0.255859375 0.072265625 0.0869140625
0 0.474609375 0.2216796875 0.0625 0.1015625
0 0.4658203125 0.3076171875 0.1025390625 0.142578125
0 0.5732421875 0.3818359375 0.0849609375 0.1083984375
0 0.5341796875 0.24609375 0.068359375 0.1171875
0 0.625 0.3271484375 0.0791015625 0.1171875
0 0.66796875 0.275390625 0.056640625 0.1396484375
0 0.779296875 0.2734375 0.0693359375 0.1083984375
0 0.69921875 0.22265625 0.0517578125 0.0908203125
0 0.6103515625 0.21875 0.0576171875 0.099609375
0 0.6455078125 0.1767578125 0.0478515625 0.076171875
0 0.5859375 0.1484375 0.060546875 0.076171875
0 0.546875 0.1875 0.0556640625 0.0673828125
0 0.5322265625 0.1376953125 0.060546875 0.0712890625
0 0.482421875 0.111328125 0.0439453125 0.0751953125
0 0.4365234375 0.12109375 0.048828125 0.0869140625