0 0.1728515625 0.580078125 0.0712890625 0.16015625
0 0.1298828125 0.3330078125 0.0556640625 0.087890625
0 0.0947265625 0.41015625 0.0556640625 0.083984375
0 0.1865234375 0.3759765625 0.0458984375 0.09375
0 0.2216796875 0.4326171875 0.048828125 0.068359375
0 0.1357421875 0.4736328125 0.044921875 0.080078125
0 0.25390625 0.2431640625 0.0693359375 0.09375
0 0.3359375 0.2138671875 0.041015625 0.0576171875
0 0.337890625 0.27734375 0.06640625 0.0869140625
0 0.34765625 0.4052734375 0.0703125 0.115234375
0 0.4326171875 0.33984375 0.0673828125 0.130859375
0 0.4365234375 0.4638671875 0.08984375 0.1435546875
0 0.5107421875 0.42578125 0.07421875 0.166015625
0 0.283203125 0.6884765625 0.078125 0.2333984375
0 0.57421875 0.5625 0.07421875 0.123046875
0 0.4208984375 0.1669921875 0.0244140625 0.1005859375
0 0.53515625 0.130859375 0.0537109375 0.0908203125
0 0.6240234375 0.1376953125 0.0263671875 0.0859375
0 0.587890625 0.1630859375 0.0302734375 0.08984375
0 0.673828125 0.16796875 0.0458984375 0.09765625
0 0.5478515625 0.1953125 0.0400390625 0.0751953125
0 0.4736328125 0.19921875 0.0400390625 0.068359375
0 0.484375 0.2587890625 0.046875 0.068359375
0 0.5361328125 0.287109375 0.052734375 0.1005859375
0 0.5888671875 0.2666015625 0.0439453125 0.1376953125
0 0.6044921875 0.3505859375 0.0830078125 0.1181640625
0 0.7138671875 0.4013671875 0.0439453125 0.1220703125
0 0.740234375 0.20703125 0.02734375 0.0859375
0 0.7099609375 0.2236328125 0.0458984375 0.0908203125
0 0.77734375 0.2822265625 0.046875 0.134765625
0 0.8603515625 0.32421875 0.0712890625 0.103515625