0 0.3994140625 0.5146484375 0.150390625 0.21484375
0 0.71875 0.412109375 0.158203125 0.1884765625
0 0.5556640625 0.3759765625 0.126953125 0.146484375
0 0.4755859375 0.29296875 0.0888671875 0.1240234375
0 0.3720703125 0.3056640625 0.078125 0.134765625
0 0.32421875 0.232421875 0.0732421875 0.0986328125
0 0.2587890625 0.2685546875 0.10546875 0.11328125
0 0.20703125 0.1845703125 0.0615234375 0.12109375
0 0.1416015625 0.2216796875 0.0625 0.103515625
0 0.03125 0.185546875 0.0595703125 0.142578125
0 0.060546875 0.2900390625 0.076171875 0.130859375
0 0.12890625 0.353515625 0.068359375 0.14453125
0 0.033203125 0.39453125 0.0654296875 0.1474609375
0 0.173828125 0.4677734375 0.1044921875 0.1474609375
0 0.109375 0.728515625 0.1845703125 0.2509765625