0 0.24609375 0.560546875 0.09765625 0.3466796875
0 0.3466796875 0.45703125 0.1142578125 0.32421875
0 0.263671875 0.3193359375 0.1240234375 0.1923828125
0 0.0673828125 0.26171875 0.103515625 0.2451171875
0 0.1796875 0.1611328125 0.1005859375 0.2021484375
0 0.0947265625 0.1103515625 0.0966796875 0.1806640625
0 0.5224609375 0.2744140625 0.103515625 0.1904296875
0 0.3818359375 0.220703125 0.1044921875 0.130859375
0 0.4951171875 0.0986328125 0.103515625 0.197265625
0 0.6171875 0.1943359375 0.1005859375 0.236328125
0 0.3046875 0.076171875 0.12890625 0.15234375
0 0.8720703125 0.1220703125 0.0869140625 0.1787109375