0 0.2763671875 0.1591796875 0.078125 0.0859375
0 0.283203125 0.22265625 0.0986328125 0.0947265625
0 0.1494140625 0.2314453125 0.07421875 0.05859375
0 0.107421875 0.29296875 0.0634765625 0.060546875
0 0.150390625 0.4326171875 0.0625 0.0712890625
0 0.2333984375 0.3037109375 0.052734375 0.0986328125
0 0.18359375 0.29296875 0.0693359375 0.0859375
0 0.1162109375 0.34765625 0.0810546875 0.0673828125
0 0.2802734375 0.4482421875 0.099609375 0.08203125
0 0.296875 0.5244140625 0.150390625 0.134765625
0 0.173828125 0.5048828125 0.0966796875 0.087890625
0 0.1904296875 0.609375 0.0703125 0.0908203125
0 0.5283203125 0.08984375 0.0498046875 0.087890625
0 0.4873046875 0.107421875 0.072265625 0.1259765625
0 0.466796875 0.0576171875 0.044921875 0.056640625
0 0.4326171875 0.08203125 0.0810546875 0.076171875
0 0.3447265625 0.115234375 0.0751953125 0.0986328125
0 0.36328125 0.181640625 0.0576171875 0.072265625
0 0.78515625 0.0751953125 0.0498046875 0.072265625
0 0.7548828125 0.1181640625 0.0439453125 0.09375
0 0.8759765625 0.119140625 0.041015625 0.080078125
0 0.8271484375 0.169921875 0.0556640625 0.1044921875
0 0.73046875 0.060546875 0.0595703125 0.0791015625
0 0.611328125 0.021484375 0.0673828125 0.04296875