0 0.0595703125 0.4296875 0.111328125 0.126953125
0 0.1435546875 0.3388671875 0.1240234375 0.1474609375
0 0.0751953125 0.5419921875 0.150390625 0.0947265625
0 0.20703125 0.4736328125 0.142578125 0.154296875
0 0.2919921875 0.548828125 0.19140625 0.189453125
0 0.1103515625 0.65234375 0.125 0.1728515625
0 0.1669921875 0.8408203125 0.1630859375 0.2578125
0 0.3359375 0.7216796875 0.1357421875 0.2646484375
0 0.4111328125 0.892578125 0.193359375 0.21484375
0 0.7529296875 0.7001953125 0.140625 0.2666015625
0 0.888671875 0.580078125 0.123046875 0.208984375
0 0.7607421875 0.419921875 0.095703125 0.1396484375
0 0.65234375 0.29296875 0.095703125 0.171875
0 0.4951171875 0.3623046875 0.1123046875 0.14453125
0 0.3994140625 0.3134765625 0.111328125 0.142578125
0 0.515625 0.2353515625 0.138671875 0.162109375
0 0.490234375 0.12109375 0.140625 0.1337890625
0 0.3720703125 0.2138671875 0.1328125 0.185546875
0 0.8173828125 0.1982421875 0.1162109375 0.1923828125
0 0.9169921875 0.3681640625 0.166015625 0.1396484375
0 0.9404296875 0.154296875 0.1064453125 0.1884765625
0 0.646484375 0.083984375 0.099609375 0.1376953125
0 0.841796875 0.0537109375 0.076171875 0.0849609375
0 0.7626953125 0.1396484375 0.1357421875 0.1884765625